 0.1
 0.1072267222010323
 0.1149756995397736
 0.1232846739442066
 0.1321941148466029
 0.1417474162926805
 0.1519911082952934
 0.1629750834620644
 0.1747528400007684
 0.1873817422860384
 0.2009233002565047
 0.2154434690031884
 0.231012970008316
 0.2477076355991711
 0.2656087782946687
 0.2848035868435802
 0.3053855508833416
 0.3274549162877728
 0.3511191734215132
 0.3764935806792468
 0.4037017258596555
 0.4328761281083058
 0.4641588833612779
 0.4977023564332111
 0.533669923120631
 0.5722367659350217
 0.6135907273413174
 0.657933224657568
 0.7054802310718644
 0.7564633275546289
 0.8111308307896872
 0.8697490026177834
 0.9326033468832199
 1
 1.072267222010323
 1.149756995397736
 1.232846739442066
 1.321941148466029
 1.417474162926805
 1.519911082952934
 1.629750834620644
 1.747528400007684
 1.873817422860384
 2.009233002565047
 2.154434690031884
 2.31012970008316
 2.477076355991711
 2.656087782946687
 2.848035868435802
 3.053855508833415
 3.274549162877729
 3.511191734215132
 3.764935806792468
 4.037017258596554
 4.328761281083059
 4.641588833612779
 4.977023564332112
 5.33669923120631
 5.722367659350217
 6.135907273413174
 6.579332246575681
 7.054802310718643
 7.56463327554629
 8.111308307896872
 8.697490026177835
 9.326033468832199
 10
 10.72267222010323
 11.49756995397736
 12.32846739442066
 13.21941148466029
 14.17474162926806
 15.19911082952934
 16.29750834620644
 17.47528400007684
 18.73817422860384
 20.09233002565048
 21.54434690031885
 23.1012970008316
 24.77076355991711
 26.56087782946687
 28.48035868435802
 30.53855508833416
 32.74549162877728
 35.11191734215131
 37.64935806792469
 40.37017258596556
 43.28761281083059
 46.4158883361278
 49.77023564332112
 53.3669923120631
 57.22367659350217
 61.35907273413176
 65.79332246575683
 70.54802310718645
 75.64633275546291
 81.11308307896873
 86.97490026177834
 93.26033468832199
 100
